l_eye1: [-0.5754376649856567, -0.10689590871334076, 1.630318284034729]
r_eye1: [-0.5940533876419067, -0.10005997121334076, 1.572456955909729]
chin1: [-0.6049481630325317, 0.01663924753665924, 1.604561448097229]
Equation of the plane is: 0.006971836090087891x + 0.001228034496307373y + -0.0020979642868041992z + 0.007563478479785779 = 0
midpoint1: [-0.5914797385533651, -0.06343887746334076, 1.6024455626805623]
vline1: (x--0.5914797385533651)/0.006971836090087891 = (y--0.06343887746334076)/0.001228034496307373 = (z-1.6024455626805623)/-0.0020979642868041992
l_eye2: [0.6272303462028503, 0.038129933178424835, 2.1191043853759766]
r_eye2: [0.6387049555778503, 0.044965870678424835, 2.1787357330322266]
chin2: [0.6546351313591003, 0.15922367572784424, 2.1427249908447266]
Equation of the plane is: -0.007059514078264328x + 0.0013631470501422882y + 0.0012021659949823515z + 0.0018284495214823627 = 0
midpoint2: [0.6401901443799337, 0.08077315986156464, 2.146855036417643]
vline2: (x-0.6401901443799337)/-0.007059514078264328 = (y-0.08077315986156464)/0.0013631470501422882 = (z-2.146855036417643)/0.0012021659949823515
frustum: (((0.18777321302538413*(x - 0.6329676508903503) + 0.11186489286618628*(y - 0.041547901928424835) + 0.9758214315202143*(z - 2.1489200592041016)))^2 + ((0.16402644747017212*(x - 0.6329676508903503) + 0.9759707358298376*(y - 0.041547901928424835) + -0.14344492787854063*(z - 2.1489200592041016)))^2) - (0.6 + 0.3 * abs((-0.007059514078264328*x + 0.0013631470501422882*y + 0.0012021659949823515*z + 0.0018284495214823627) / 0.007289726468189035))^2 = 0
EYE CONTACT: False
