l_eye1: [0.24269089102745056, -0.41967931389808655, 2.093520164489746]
r_eye1: [0.24049362540245056, -0.41723790764808655, 2.1547536849975586]
chin1: [0.27003464102745056, -0.29907384514808655, 2.134230613708496]
Equation of the plane is: -0.007285706698894501x + 0.0017638057470321655y + -0.0003317594528198242z + 0.0032029525405217196 = 0
midpoint1: [0.2510730524857839, -0.37866368889808655, 2.1275014877319336]
vline1: (x-0.2510730524857839)/-0.007285706698894501 = (y--0.37866368889808655)/0.0017638057470321655 = (z-2.1275014877319336)/-0.0003317594528198242
l_eye2: [-0.4311968982219696, -0.33925294876098633, 2.080409526824951]
r_eye2: [-0.4789874255657196, -0.33388185501098633, 2.042201519012451]
chin2: [-0.4665362536907196, -0.21449708938598633, 2.063930034637451]
Equation of the plane is: 0.004678159952163696x + 0.0005626827478408813y + -0.005772337317466736z + 0.014216925389486157 = 0
midpoint2: [-0.4589068591594696, -0.29587729771931964, 2.0621803601582847]
vline2: (x--0.4589068591594696)/0.004678159952163696 = (y--0.29587729771931964)/0.0005626827478408813 = (z-2.0621803601582847)/-0.005772337317466736
