<<<<<<< HEAD
l_eye1: [-0.5303729176521301, -0.08962974697351456, 1.6021838188171387]
r_eye1: [-0.5439837574958801, -0.08474693447351456, 1.5431017875671387]
chin1: [-0.5544818043708801, 0.03488197177648544, 1.5704455375671387]
Equation of the plane is: 0.007201433181762695x + 0.000992417335510254y + -0.0015769898891448975z + 0.006435022925388445 = 0
midpoint1: [-0.5429461598396301, -0.04649823655684789, 1.5719103813171387]
vline1: (x--0.5429461598396301)/0.007201433181762695 = (y--0.04649823655684789)/0.000992417335510254 = (z-1.5719103813171387)/-0.0015769898891448975
l_eye2: [0.581768810749054, 0.09067478775978088, 1.8683199882507324]
r_eye2: [0.556256115436554, 0.09555760025978088, 1.9218478202819824]
chin2: [0.576947033405304, 0.21201267838478088, 1.9001803398132324]
Equation of the plane is: -0.0063393861055374146x + 0.000554744154214859y + -0.003072112798690796z + 0.00937744555500808 = 0
midpoint2: [0.5716573198636373, 0.13274835546811423, 1.8967827161153157]
vline2: (x-0.5716573198636373)/-0.0063393861055374146 = (y-0.13274835546811423)/0.000554744154214859 = (z-1.8967827161153157)/-0.003072112798690796
frustum: (((-0.4288018566201497*(x - 0.569012463092804) + 0.08206734097993296*(y - 0.09311619400978088) + 0.8996632254925151*(z - 1.8950839042663574)))^2 + ((0.10630694075361755*(x - 0.569012463092804) + 0.9935300323044027*(y - 0.09311619400978088) + -0.039961347034595314*(z - 1.8950839042663574)))^2) - (0.1 + 0.05 * abs((-0.0063393861055374146*x + 0.000554744154214859*y + -0.003072112798690796*z + 0.00937744555500808) / 0.007066359339829541))^2 = 0
=======
l_eye1: [-0.5524395704269409, -0.07291173934936523, 1.685354232788086]
r_eye1: [-0.5767010450363159, -0.06558752059936523, 1.628103256225586]
chin1: [-0.5509136915206909, 0.055262088775634766, 1.654714584350586]
Equation of the plane is: 0.007113665342330933x + -0.0008307211101055145y + -0.0031208619475364685z + 0.009129058798054146 = 0
midpoint1: [-0.5600181023279825, -0.027745723724365234, 1.656057357788086]
vline1: (x--0.5600181023279825)/0.007113665342330933 = (y--0.027745723724365234)/-0.0008307211101055145 = (z-1.656057357788086)/-0.0031208619475364685
l_eye2: [0.612424373626709, -0.055624715983867645, 1.6421781778335571]
r_eye2: [0.576840877532959, -0.057577840983867645, 1.6922270059585571]
chin2: [0.596433162689209, 0.06473661214113235, 1.6807523965835571]
Equation of the plane is: -0.006099283695220947x + 0.0005722641944885254y + -0.004314109683036804z + 0.010851718808166932 = 0
midpoint2: [0.5952328046162924, -0.016155314942200977, 1.6717191934585571]
vline2: (x-0.5952328046162924)/-0.006099283695220947 = (y--0.016155314942200977)/0.0005722641944885254 = (z-1.6717191934585571)/-0.004314109683036804
frustum: (((-0.3875052708781428*(x - -0.5645703077316284) + 0.11698272328396764*(y - -0.06924962997436523) + -0.9144149536696804*(z - 1.656728744506836)))^2 + ((0.14396420626541648*(x - -0.5645703077316284) + 0.9874250809239095*(y - -0.06924962997436523) + 0.06531475236712803*(z - 1.656728744506836)))^2) - (0.1 + 0.1 * abs((0.007113665342330933*x + -0.0008307211101055145*y + -0.0031208619475364685*z + 0.009129058798054146) / 0.00781243313322017))^2 = 0
>>>>>>> dd50fea95a7d7c32a21653a425ade2feed325612
EYE CONTACT: False
