l_eye1: [-3.068615198135376, -0.5819347500801086, 11.309556007385254]
r_eye1: [-3.040294885635376, -0.5755870938301086, 11.254685401916504]
chin1: [-3.086925745010376, -0.46450310945510864, 11.266953468322754]
Equation of the plane is: 0.006173118948936462x + 0.0022112280130386353y + 0.003441929817199707z + -0.018696980993367696 = 0
midpoint1: [-3.0652786095937095, -0.5406749844551086, 11.27706495920817]
vline1: (x--3.0652786095937095)/0.006173118948936462 = (y--0.5406749844551086)/0.0022112280130386353 = (z-11.27706495920817)/0.003441929817199707
frustum: (((0.45623856114589445*(x - -3.054455041885376) + 0.10226036715339014*(y - -0.5787609219551086) + -0.8839622122201706*(z - 11.282120704650879)))^2 + ((-0.3114664797909184*(x - -3.054455041885376) + 0.9488883496606221*(y - -0.5787609219551086) + -0.05098560429174799*(z - 11.282120704650879)))^2) - (0.1 + 0.1 * abs((0.006173118948936462*x + 0.0022112280130386353*y + 0.003441929817199707*z + -0.018696980993367696) / 0.007405660520837666))^2 = 0
