l_eye1: [-0.5303729176521301, -0.08962974697351456, 1.6021838188171387]
r_eye1: [-0.5439837574958801, -0.08474693447351456, 1.5431017875671387]
chin1: [-0.5544818043708801, 0.03488197177648544, 1.5704455375671387]
Equation of the plane is: 0.007201433181762695x + 0.000992417335510254y + -0.0015769898891448975z + 0.006435022925388445 = 0
midpoint1: [-0.5429461598396301, -0.04649823655684789, 1.5719103813171387]
vline1: (x--0.5429461598396301)/0.007201433181762695 = (y--0.04649823655684789)/0.000992417335510254 = (z-1.5719103813171387)/-0.0015769898891448975
l_eye2: [0.581768810749054, 0.09067478775978088, 1.8683199882507324]
r_eye2: [0.556256115436554, 0.09555760025978088, 1.9218478202819824]
chin2: [0.576947033405304, 0.21201267838478088, 1.9001803398132324]
Equation of the plane is: -0.0063393861055374146x + 0.000554744154214859y + -0.003072112798690796z + 0.00937744555500808 = 0
midpoint2: [0.5716573198636373, 0.13274835546811423, 1.8967827161153157]
vline2: (x-0.5716573198636373)/-0.0063393861055374146 = (y-0.13274835546811423)/0.000554744154214859 = (z-1.8967827161153157)/-0.003072112798690796
frustum: (((-0.4288018566201497*(x - 0.569012463092804) + 0.08206734097993296*(y - 0.09311619400978088) + 0.8996632254925151*(z - 1.8950839042663574)))^2 + ((0.10630694075361755*(x - 0.569012463092804) + 0.9935300323044027*(y - 0.09311619400978088) + -0.039961347034595314*(z - 1.8950839042663574)))^2) - (0.1 + 0.05 * abs((-0.0063393861055374146*x + 0.000554744154214859*y + -0.003072112798690796*z + 0.00937744555500808) / 0.007066359339829541))^2 = 0
EYE CONTACT: False
