l_eye1: [-0.5639621019363403, -0.10788191854953766, 1.6553055047988892]
r_eye1: [-0.5794650316238403, -0.10055769979953766, 1.5965896844863892]
chin1: [-0.5932894945144653, 0.01662980020046234, 1.6295486688613892]
Equation of the plane is: 0.007122159004211426x + 0.001322675496339798y + -0.0017154961824417114z + 0.006998990806760752 = 0
midpoint1: [-0.5789055426915487, -0.06393660604953766, 1.627147952715556]
vline1: (x--0.5789055426915487)/0.007122159004211426 = (y--0.06393660604953766)/0.001322675496339798 = (z-1.627147952715556)/-0.0017154961824417114
l_eye2: [0.6509301662445068, 0.03689936548471451, 2.209376335144043]
r_eye2: [0.6869103908538818, 0.04471186548471451, 2.258326530456543]
chin2: [0.6804711818695068, 0.1584813892841339, 2.220728874206543]
Equation of the plane is: -0.005862772100044822x + 0.0010375715792179108y + 0.0041437593401951744z + -0.005377154339941594 = 0
midpoint2: [0.6727705796559652, 0.08003087341785431, 2.2294772466023765]
vline2: (x-0.6727705796559652)/-0.005862772100044822 = (y-0.08003087341785431)/0.0010375715792179108 = (z-2.2294772466023765)/0.0041437593401951744
frustum: (((0.5874188636018373*(x - 0.6689202785491943) + 0.12754811626977977*(y - 0.04080561548471451) + 0.7991686660028388*(z - 2.233851432800293)))^2 + ((0.041448746244394166*(x - 0.6689202785491943) + 0.981464314257029*(y - 0.04080561548471451) + -0.1871090625136784*(z - 2.233851432800293)))^2) - (0.1 + 0.05 * abs((-0.005862772100044822*x + 0.0010375715792179108*y + 0.0041437593401951744*z + -0.005377154339941594) / 0.007253922590469206))^2 = 0
EYE CONTACT: False
l_eye1: [-3.068615198135376, -0.5819347500801086, 11.309556007385254]
r_eye1: [-3.040294885635376, -0.5755870938301086, 11.254685401916504]
chin1: [-3.086925745010376, -0.46450310945510864, 11.266953468322754]
Equation of the plane is: 0.006173118948936462x + 0.0022112280130386353y + 0.003441929817199707z + -0.018696980993367696 = 0
midpoint1: [-3.0652786095937095, -0.5406749844551086, 11.27706495920817]
vline1: (x--3.0652786095937095)/0.006173118948936462 = (y--0.5406749844551086)/0.0022112280130386353 = (z-11.27706495920817)/0.003441929817199707
frustum: (((0.45623856114589445*(x - -3.054455041885376) + 0.10226036715339014*(y - -0.5787609219551086) + -0.8839622122201706*(z - 11.282120704650879)))^2 + ((-0.3114664797909184*(x - -3.054455041885376) + 0.9488883496606221*(y - -0.5787609219551086) + -0.05098560429174799*(z - 11.282120704650879)))^2) - (0.1 + 0.1 * abs((0.006173118948936462*x + 0.0022112280130386353*y + 0.003441929817199707*z + -0.018696980993367696) / 0.007405660520837666))^2 = 0
