l_eye1: [0.2441798448562622, -0.42044052481651306, 1.8947786092758179]
r_eye1: [0.2430812120437622, -0.41897568106651306, 1.9561799764633179]
chin1: [0.2718898057937622, -0.30081161856651306, 1.9352754354476929]
Equation of the plane is: -0.007286056876182556x + 0.0017459206283092499y + -0.00017201900482177734z + 0.0028391019536196938 = 0
midpoint1: [0.2530502875645955, -0.38007594148317975, 1.9287446737289429]
vline1: (x-0.2530502875645955)/-0.007286056876182556 = (y--0.38007594148317975)/0.0017459206283092499 = (z-1.9287446737289429)/-0.00017201900482177734
l_eye2: [-0.43390753865242004, -0.3397541344165802, 1.88251793384552]
r_eye2: [-0.48169806599617004, -0.3353596031665802, 1.84467613697052]
chin2: [-0.46894171833992004, -0.2157306969165802, 1.86628258228302]
Equation of the plane is: 0.004621922969818115x + 0.0005498602986335754y + -0.005773186683654785z + 0.01306043199690543 = 0
midpoint2: [-0.46151577432950336, -0.2969481448332469, 1.8644922176996868]
vline2: (x--0.46151577432950336)/0.004621922969818115 = (y--0.2969481448332469)/0.0005498602986335754 = (z-1.8644922176996868)/-0.005773186683654785
frustum: (((-0.01788469350538592*(x - 0.2436305284500122) + 0.023846258007181226*(y - -0.41970810294151306) + 0.9995556481343464*(z - 1.9254792928695679)))^2 + ((0.23341046585491088*(x - 0.2436305284500122) + 0.9721923181166644*(y - -0.41970810294151306) + -0.01901712450239717*(z - 1.9254792928695679)))^2) - (0.1 + 0.05 * abs((-0.007286056876182556*x + 0.0017459206283092499*y + -0.00017201900482177734*z + 0.0028391019536196938) / 0.007494294775450373))^2 = 0
EYE CONTACT: False
