l_eye1: [-0.5524395704269409, -0.07291173934936523, 1.685354232788086]
r_eye1: [-0.5767010450363159, -0.06558752059936523, 1.628103256225586]
chin1: [-0.5509136915206909, 0.055262088775634766, 1.654714584350586]
Equation of the plane is: 0.007113665342330933x + -0.0008307211101055145y + -0.0031208619475364685z + 0.009129058798054146 = 0
midpoint1: [-0.5600181023279825, -0.027745723724365234, 1.656057357788086]
vline1: (x--0.5600181023279825)/0.007113665342330933 = (y--0.027745723724365234)/-0.0008307211101055145 = (z-1.656057357788086)/-0.0031208619475364685
l_eye2: [0.612424373626709, -0.055624715983867645, 1.6421781778335571]
r_eye2: [0.576840877532959, -0.057577840983867645, 1.6922270059585571]
chin2: [0.596433162689209, 0.06473661214113235, 1.6807523965835571]
Equation of the plane is: -0.006099283695220947x + 0.0005722641944885254y + -0.004314109683036804z + 0.010851718808166932 = 0
midpoint2: [0.5952328046162924, -0.016155314942200977, 1.6717191934585571]
vline2: (x-0.5952328046162924)/-0.006099283695220947 = (y--0.016155314942200977)/0.0005722641944885254 = (z-1.6717191934585571)/-0.004314109683036804
frustum: (((-0.3875052708781428*(x - -0.5645703077316284) + 0.11698272328396764*(y - -0.06924962997436523) + -0.9144149536696804*(z - 1.656728744506836)))^2 + ((0.14396420626541648*(x - -0.5645703077316284) + 0.9874250809239095*(y - -0.06924962997436523) + 0.06531475236712803*(z - 1.656728744506836)))^2) - (0.1 + 0.1 * abs((0.007113665342330933*x + -0.0008307211101055145*y + -0.0031208619475364685*z + 0.009129058798054146) / 0.00781243313322017))^2 = 0
EYE CONTACT: False
